"species","x","y","CHL","NSST","SST"
"background",1,1,-0.83933122620897,29.0799999237061,28.4899997711182
"background",2,2,-0.919117428533468,29.5499992370605,30.7299995422363
"background",3,3,-1.09609118065469,29.1599998474121,31.2349987030029
"background",4,4,-1.05541019610008,29.9349994659424,31.0999984741211
"background",5,5,-0.976128384224461,29.125,29.644998550415
"background",6,6,-1.108410042975,29.8249988555908,30.3049983978271
"background",7,7,-1.13441906833912,30.3499984741211,30.7600002288818
"background",8,8,-1.06556678057633,29.4299983978271,29.2799987792969
"background",9,9,-1.13367198522266,28.9799995422363,30.314998626709
"background",10,10,-1.13263791952869,28.9799995422363,30.314998626709
"background",11,11,-1.07323026343915,27.8599987030029,28.4699993133545
"background",12,12,-0.946378527456141,29.7049999237061,29.7799987792969
"background",13,13,-0.854356855370119,29.1799983978271,30.644998550415
"background",14,14,-1.09283441009993,29.189998626709,30.1199989318848
"background",15,15,-1.10718814314786,29.8299999237061,30.5399990081787
"background",16,16,-1.15804415960835,28.9899997711182,29.3699989318848
"background",17,17,-1.07393552708082,28.4650001525879,29.1499996185303
"background",18,18,-0.996544442955568,28.9899997711182,30.5799999237061
"background",19,19,-0.812398521442805,28.1599998474121,29.4599990844727
"background",20,20,-0.910883087786066,29.4799995422363,30.4200000762939
"background",21,21,-1.11279396827294,28.9699993133545,29.4899997711182
"background",22,22,-1.08388660738747,28.5900001525879,29.25
"background",23,23,-1.13189389149222,28.0699996948242,28.564998626709
"background",24,24,-0.911553118316994,29.2150001525879,30.7049999237061
"background",25,25,-1.07805998146348,29.3299999237061,29.8349990844727
"background",26,26,-1.04367756283795,30.8649997711182,30.8549995422363
"background",27,27,-1.17520373745763,28.7600002288818,28.8099994659424
"background",28,28,-1.12535417206049,29.6499996185303,30.1649990081787
"background",29,29,-0.974547548678023,28,31.564998626709
"background",30,30,-1.09654716407705,29.6199989318848,30.7899990081787
"background",31,31,-1.16202272614229,28.5249996185303,28.7299995422363
"background",32,32,-1.02003220695209,29.4200000762939,30.2649993896484
"background",33,33,-1.06241561381419,26.0599994659424,27.25
"background",34,34,-1.12433220341804,29.5499992370605,30.4599990844727
"background",35,35,-0.913021040170228,27.4650001525879,28.3199996948242
"background",36,36,-1.12049213277822,29.3850002288818,29.4299983978271
"background",37,37,-1.04559233785034,29.314998626709,29.5049991607666
"background",38,38,-1.09767919314641,29.9799995422363,29.7549991607666
"background",39,39,-1.11124249080643,28.4949989318848,29.2950000762939
"background",40,40,-1.1002016513105,29.5450000762939,30.25
"background",41,41,-1.03313510639829,28.314998626709,28.7049999237061
"background",42,42,-1.09130402848521,29.3449993133545,29.4349994659424
"background",43,43,-1.11586936840191,28.269998550415,28.8499984741211
"background",44,44,-1.0697682880711,28.2449989318848,28.9549999237061
"background",45,45,-1.09366270509378,28.375,29.6399993896484
"background",46,46,-0.340336712742906,28.7449989318848,29.3549995422363
"background",47,47,-1.13301052197251,29.75,30.2749996185303
"background",48,48,-1.04232914176881,28.2549991607666,28.7999992370605
"background",49,49,-1.02469487644637,28.1749992370605,28.8249988555908
"background",50,50,-1.1002400030334,28.1049995422363,28.4699993133545
