"species","x","y","CHL","NSST","SST"
"species",1,1,-1.05229960089513,26.4049987792969,27.5249996185303
"species",2,2,-1.05229960089513,26.4049987792969,27.5249996185303
"species",3,3,-1.05229960089513,26.4049987792969,27.5249996185303
"species",4,4,-1.05229960089513,26.4049987792969,27.5249996185303
"species",5,5,-0.855309160127221,28.8449993133545,30.1149997711182
"species",6,6,-0.855309160127221,28.8449993133545,30.1149997711182
"species",7,7,-0.855309160127221,28.8449993133545,30.1149997711182
"species",8,8,-0.855309160127221,28.8449993133545,30.1149997711182
"species",9,9,-0.855309160127221,28.8449993133545,30.1149997711182
"species",10,10,-0.855309160127221,28.8449993133545,30.1149997711182
"species",11,11,-0.973065465778724,29.1399993896484,30.0100002288818
"species",12,12,-0.973065465778724,29.1399993896484,30.0100002288818
"species",13,13,-0.855821059259265,28.1700000762939,30.4249992370605
"species",14,14,-0.855821059259265,28.1700000762939,30.4249992370605
"species",15,15,-0.855821059259265,28.1700000762939,30.4249992370605
"species",16,16,-0.855821059259265,28.1700000762939,30.4249992370605
"species",17,17,-0.855821059259265,28.1700000762939,30.4249992370605
"species",18,18,-0.855821059259265,28.1700000762939,30.4249992370605
"species",19,19,-0.855821059259265,28.1700000762939,30.4249992370605
"species",20,20,-0.855821059259265,28.1700000762939,30.4249992370605
"species",21,21,-0.855821059259265,28.1700000762939,30.4249992370605
"species",22,22,-0.855821059259265,28.1700000762939,30.4249992370605
"species",23,23,-0.929599166661528,29.3599987030029,29.7649993896484
"species",24,24,-0.929599166661528,29.3599987030029,29.7649993896484
"species",25,25,-1.0424001309457,27.7399997711182,29.1949996948242
"species",26,26,-1.0424001309457,27.7399997711182,29.1949996948242
"species",27,27,-1.03360594678482,27.5100002288818,29.1099987030029
"species",28,28,-0.946552187543779,28.9149990081787,29.9049987792969
"species",29,29,-1.03360594678482,27.5100002288818,29.1099987030029
"species",30,30,-1.03360594678482,27.5100002288818,29.1099987030029
"species",31,31,-0.946552187543779,28.9149990081787,29.9049987792969
"species",32,32,-1.03360594678482,27.5100002288818,29.1099987030029
"species",33,33,-0.855309160127221,28.8449993133545,30.1149997711182
"species",34,34,-0.855309160127221,28.8449993133545,30.1149997711182
"species",35,35,-0.855309160127221,28.8449993133545,30.1149997711182
"species",36,36,-0.855309160127221,28.8449993133545,30.1149997711182
"species",37,37,-0.855821059259265,28.1700000762939,30.4249992370605
"species",38,38,-0.855821059259265,28.1700000762939,30.4249992370605
